[0.003;0.008]    1<Q2<4    	0.006	0.68	0.36	0.54	14.20	1.27	0.008	0.008	0.009
[0.008;0.014]    1<Q2<4    	0.011	0.48	0.37	0.53	11.87	1.57	0.011	0.005	0.006
[0.014;0.022]    1<Q2<4    	0.018	0.34	0.37	0.52	9.91	1.81	0.012	0.005	0.005
[0.022;0.035]    1<Q2<4    	0.028	0.23	0.38	0.50	8.04	1.89	0.019	0.004	0.005
[0.035;0.055]    1<Q2<4    	0.043	0.17	0.38	0.48	6.96	2.20	0.024	0.005	0.005
[0.055;0.105]    1<Q2<4    	0.071	0.14	0.38	0.47	6.23	2.88	0.031	0.006	0.007
[0.105;0.145]    1<Q2<4    	0.110	0.11	0.39	0.45	5.49	3.62	0.041	0.020	0.022
[0.014;0.022]    4<Q2<6.25   	0.020	0.77	0.36	0.58	15.06	4.50	0.013	0.029	0.032
[0.022;0.035]    4<Q2<6.25   	0.029	0.58	0.35	0.57	12.93	4.86	-0.002	0.014	0.015
[0.035;0.055]    4<Q2<6.25   	0.045	0.37	0.36	0.54	10.36	4.93	0.026	0.011	0.013
[0.055;0.105]    4<Q2<6.25   	0.076	0.23	0.37	0.50	7.92	4.96	0.038	0.009	0.010
[0.105;0.145]    4<Q2<6.25   	0.120	0.14	0.38	0.47	6.15	5.02	0.022	0.011	0.012
[0.145;0.215]    4<Q2<6.25   	0.164	0.11	0.39	0.45	5.40	5.52	0.055	0.018	0.020
[0.022;0.035]    6.25<Q2<16  	0.031	0.77	0.36	0.60	15.00	7.10	0.031	0.034	0.038
[0.035;0.055]    6.25<Q2<16  	0.046	0.60	0.35	0.58	13.12	8.20	0.025	0.016	0.018
[0.055;0.105]    6.25<Q2<16  	0.077	0.41	0.36	0.55	10.53	9.10	0.013	0.010	0.011
[0.105;0.145]    6.25<Q2<16  	0.121	0.26	0.36	0.52	8.25	9.35	0.023	0.011	0.012
[0.145;0.215]    6.25<Q2<16  	0.177	0.18	0.37	0.49	6.71	9.53	0.045	0.010	0.011
[0.215;0.300]    6.25<Q2<16  	0.249	0.14	0.38	0.46	5.73	10.64	0.038	0.013	0.015
[0.300;0.550]    6.25<Q2<16  	0.351	0.12	0.39	0.46	4.97	12.89	0.034	0.021	0.024
[0.055;0.105]    16<Q2<81	0.084	0.75	0.36	0.61	14.36	18.86	-0.058	0.038	0.043
[0.105;0.145]    16<Q2<81	0.123	0.59	0.36	0.59	12.47	21.78	0.009	0.026	0.029
[0.145;0.215]    16<Q2<81	0.179	0.46	0.36	0.58	10.61	24.71	0.022	0.019	0.022
[0.215;0.300]    16<Q2<81	0.254	0.37	0.37	0.56	8.92	27.68	0.042	0.019	0.021
[0.300;0.550]    16<Q2<81	0.391	0.26	0.38	0.57	6.85	30.15	0.038	0.016	0.018
[0.550;0.800]    16<Q2<81	0.638	0.19	0.41	0.80	4.55	36.76	-0.004	0.038	0.042



