 0.023<x<0.072   0.200<z<0.280   0.000<Pt<0.230      1.463000  0.052000  0.561000  0.236000  0.151000  0.708000       0.019564   0.025504   0.005683
 0.023<x<0.072   0.200<z<0.280   0.230<Pt<0.360      1.514000  0.048000  0.632000  0.235000  0.298000  0.619000       0.028577   0.021038   0.002109
 0.023<x<0.072   0.200<z<0.280   0.360<Pt<0.540      1.543000  0.046000  0.673000  0.237000  0.443000  0.564000       0.036898   0.012949   0.004943
 0.023<x<0.072   0.200<z<0.280   0.540<Pt<2.000      1.593000  0.043000  0.730000  0.242000  0.655000  0.483000       0.022056   0.016187   0.004783
 0.023<x<0.072   0.280<z<0.370   0.000<Pt<0.230      1.432000  0.054000  0.525000  0.320000  0.150000  0.750000       0.027016   0.029614   0.000874
 0.023<x<0.072   0.280<z<0.370   0.230<Pt<0.360      1.484000  0.050000  0.595000  0.320000  0.297000  0.665000       0.012605   0.038685   0.005187
 0.023<x<0.072   0.280<z<0.370   0.360<Pt<0.540      1.518000  0.047000  0.640000  0.320000  0.449000  0.607000       0.029615   0.020937   0.003630
 0.023<x<0.072   0.280<z<0.370   0.540<Pt<2.000      1.560000  0.045000  0.692000  0.323000  0.699000  0.536000       0.026569   0.015625   0.006034
 0.023<x<0.072   0.370<z<0.490   0.000<Pt<0.230      1.401000  0.055000  0.504000  0.422000  0.151000  0.775000       0.005229   0.033427   0.005070
 0.023<x<0.072   0.370<z<0.490   0.230<Pt<0.360      1.451000  0.051000  0.563000  0.422000  0.298000  0.705000       0.043906   0.048504   0.000358
 0.023<x<0.072   0.370<z<0.490   0.360<Pt<0.540      1.492000  0.049000  0.609000  0.423000  0.447000  0.648000       0.063532   0.036475   0.007293
 0.023<x<0.072   0.370<z<0.490   0.540<Pt<2.000      1.540000  0.046000  0.668000  0.425000  0.747000  0.569000       0.006851   0.018152   0.001778
 0.023<x<0.072   0.490<z<0.700   0.000<Pt<0.230      1.377000  0.056000  0.488000  0.579000  0.151000  0.793000       0.029102   0.036801   0.006757
 0.023<x<0.072   0.490<z<0.700   0.230<Pt<0.360      1.407000  0.053000  0.529000  0.578000  0.298000  0.745000      -0.000338   0.050246   0.009122
 0.023<x<0.072   0.490<z<0.700   0.360<Pt<0.540      1.449000  0.051000  0.571000  0.577000  0.448000  0.695000       0.042852   0.047888   0.003702
 0.023<x<0.072   0.490<z<0.700   0.540<Pt<2.000      1.513000  0.048000  0.633000  0.577000  0.786000  0.618000       0.099260   0.025610   0.000642
 0.072<x<0.098   0.200<z<0.280   0.000<Pt<0.230      2.102000  0.084000  0.484000  0.239000  0.140000  0.792000       0.015813   0.022842   0.002789
 0.072<x<0.098   0.200<z<0.280   0.230<Pt<0.360      2.387000  0.084000  0.550000  0.238000  0.295000  0.721000       0.018839   0.027667   0.011911
 0.072<x<0.098   0.200<z<0.280   0.360<Pt<0.540      2.471000  0.084000  0.572000  0.239000  0.441000  0.692000       0.093374   0.022363   0.006753
 0.072<x<0.098   0.200<z<0.280   0.540<Pt<2.000      2.732000  0.084000  0.633000  0.244000  0.643000  0.620000       0.064450   0.033874   0.000778
 0.072<x<0.098   0.280<z<0.370   0.000<Pt<0.230      1.893000  0.084000  0.434000  0.321000  0.142000  0.834000      -0.055586   0.024625   0.003099
 0.072<x<0.098   0.280<z<0.370   0.230<Pt<0.360      2.143000  0.084000  0.492000  0.322000  0.293000  0.778000       0.080973   0.035076   0.009267
 0.072<x<0.098   0.280<z<0.370   0.360<Pt<0.540      2.297000  0.084000  0.530000  0.321000  0.444000  0.736000       0.097080   0.028263   0.001938
 0.072<x<0.098   0.280<z<0.370   0.540<Pt<2.000      2.510000  0.084000  0.581000  0.325000  0.676000  0.678000       0.088619   0.028475   0.011688
 0.072<x<0.098   0.370<z<0.490   0.000<Pt<0.230      1.833000  0.085000  0.420000  0.423000  0.146000  0.846000       0.066228   0.027604   0.006972
 0.072<x<0.098   0.370<z<0.490   0.230<Pt<0.360      1.986000  0.085000  0.455000  0.424000  0.293000  0.812000       0.066944   0.036169   0.006347
 0.072<x<0.098   0.370<z<0.490   0.360<Pt<0.540      2.178000  0.084000  0.502000  0.425000  0.443000  0.766000       0.036372   0.037771   0.011238
 0.072<x<0.098   0.370<z<0.490   0.540<Pt<2.000      2.383000  0.084000  0.551000  0.427000  0.719000  0.711000       0.065243   0.029149   0.002744
 0.072<x<0.098   0.490<z<0.700   0.000<Pt<0.230      1.778000  0.085000  0.407000  0.578000  0.148000  0.857000       0.035908   0.032681   0.001519
 0.072<x<0.098   0.490<z<0.700   0.230<Pt<0.360      1.866000  0.085000  0.427000  0.580000  0.295000  0.838000       0.078409   0.035540   0.001816
 0.072<x<0.098   0.490<z<0.700   0.360<Pt<0.540      2.015000  0.084000  0.463000  0.583000  0.443000  0.806000       0.039426   0.040704   0.002812
 0.072<x<0.098   0.490<z<0.700   0.540<Pt<2.000      2.294000  0.084000  0.530000  0.583000  0.754000  0.736000       0.085157   0.032874   0.000702
 0.098<x<0.138   0.200<z<0.280   0.000<Pt<0.230      2.862000  0.116000  0.477000  0.239000  0.139000  0.799000       0.013345   0.019774   0.004328
 0.098<x<0.138   0.200<z<0.280   0.230<Pt<0.360      3.180000  0.116000  0.532000  0.239000  0.292000  0.742000       0.003191   0.025531   0.006884
 0.098<x<0.138   0.200<z<0.280   0.360<Pt<0.540      3.263000  0.115000  0.547000  0.239000  0.441000  0.721000       0.034553   0.024615   0.006374
 0.098<x<0.138   0.200<z<0.280   0.540<Pt<2.000      3.527000  0.115000  0.593000  0.244000  0.638000  0.670000       0.049098   0.042187   0.000511
 0.098<x<0.138   0.280<z<0.370   0.000<Pt<0.230      2.533000  0.116000  0.422000  0.322000  0.143000  0.843000       0.040173   0.021072   0.001735
 0.098<x<0.138   0.280<z<0.370   0.230<Pt<0.360      2.813000  0.116000  0.469000  0.323000  0.291000  0.799000       0.035081   0.027513   0.003221
 0.098<x<0.138   0.280<z<0.370   0.360<Pt<0.540      3.033000  0.116000  0.508000  0.322000  0.442000  0.759000       0.063807   0.026866   0.003294
 0.098<x<0.138   0.280<z<0.370   0.540<Pt<2.000      3.211000  0.115000  0.539000  0.325000  0.672000  0.725000       0.023566   0.031485   0.007113
 0.098<x<0.138   0.370<z<0.490   0.000<Pt<0.230      2.411000  0.116000  0.402000  0.423000  0.148000  0.857000      -0.018547   0.024870   0.001707
 0.098<x<0.138   0.370<z<0.490   0.230<Pt<0.360      2.510000  0.116000  0.418000  0.426000  0.293000  0.841000       0.022050   0.026376   0.002531
 0.098<x<0.138   0.370<z<0.490   0.360<Pt<0.540      2.841000  0.116000  0.475000  0.427000  0.441000  0.791000       0.045402   0.029709   0.002838
 0.098<x<0.138   0.370<z<0.490   0.540<Pt<2.000      3.112000  0.116000  0.521000  0.427000  0.716000  0.741000       0.055838   0.029201   0.007338
 0.098<x<0.138   0.490<z<0.700   0.000<Pt<0.230      2.384000  0.116000  0.398000  0.577000  0.151000  0.862000       0.018200   0.029389   0.004255
 0.098<x<0.138   0.490<z<0.700   0.230<Pt<0.360      2.396000  0.116000  0.400000  0.579000  0.296000  0.858000       0.065233   0.028276   0.000317
 0.098<x<0.138   0.490<z<0.700   0.360<Pt<0.540      2.549000  0.116000  0.426000  0.582000  0.441000  0.835000       0.105113   0.028773   0.000987
 0.098<x<0.138   0.490<z<0.700   0.540<Pt<2.000      2.983000  0.115000  0.500000  0.584000  0.742000  0.765000       0.138273   0.029199   0.005899
 0.138<x<0.600   0.200<z<0.280   0.000<Pt<0.230      4.948000  0.205000  0.467000  0.239000  0.141000  0.811000      -0.009474   0.016029   0.004700
 0.138<x<0.600   0.200<z<0.280   0.230<Pt<0.360      5.256000  0.214000  0.486000  0.241000  0.290000  0.790000       0.053369   0.020742   0.003146
 0.138<x<0.600   0.200<z<0.280   0.360<Pt<0.540      5.210000  0.207000  0.497000  0.240000  0.440000  0.776000       0.002487   0.027217   0.000198
 0.138<x<0.600   0.200<z<0.280   0.540<Pt<2.000      5.422000  0.209000  0.515000  0.244000  0.637000  0.759000      -0.037597   0.067031   0.008044
 0.138<x<0.600   0.280<z<0.370   0.000<Pt<0.230      4.481000  0.201000  0.428000  0.321000  0.147000  0.841000      -0.001123   0.017898   0.005790
 0.138<x<0.600   0.280<z<0.370   0.230<Pt<0.360      4.641000  0.210000  0.430000  0.323000  0.292000  0.835000       0.069347   0.020913   0.001349
 0.138<x<0.600   0.280<z<0.370   0.360<Pt<0.540      4.886000  0.211000  0.457000  0.324000  0.439000  0.810000       0.045541   0.023719   0.000912
 0.138<x<0.600   0.280<z<0.370   0.540<Pt<2.000      4.932000  0.205000  0.474000  0.325000  0.671000  0.793000       0.107159   0.038409   0.003497
 0.138<x<0.600   0.370<z<0.490   0.000<Pt<0.230      4.384000  0.201000  0.419000  0.422000  0.150000  0.847000       0.022908   0.020982   0.003923
 0.138<x<0.600   0.370<z<0.490   0.230<Pt<0.360      4.384000  0.205000  0.413000  0.424000  0.294000  0.850000       0.054012   0.022354   0.001650
 0.138<x<0.600   0.370<z<0.490   0.360<Pt<0.540      4.646000  0.210000  0.432000  0.427000  0.438000  0.832000       0.075634   0.022841   0.002180
 0.138<x<0.600   0.370<z<0.490   0.540<Pt<2.000      4.840000  0.205000  0.466000  0.427000  0.704000  0.799000       0.110309   0.029001   0.002323
 0.138<x<0.600   0.490<z<0.700   0.000<Pt<0.230      4.333000  0.200000  0.414000  0.575000  0.153000  0.852000       0.029106   0.025803   0.002488
 0.138<x<0.600   0.490<z<0.700   0.230<Pt<0.360      4.281000  0.200000  0.410000  0.577000  0.296000  0.852000       0.031890   0.025168   0.001729
 0.138<x<0.600   0.490<z<0.700   0.360<Pt<0.540      4.411000  0.206000  0.413000  0.580000  0.444000  0.848000       0.123276   0.022895   0.003665
 0.138<x<0.600   0.490<z<0.700   0.540<Pt<2.000      4.822000  0.209000  0.454000  0.587000  0.723000  0.811000       0.091361   0.023789   0.010074